-75 -43.3013 -85 -43.3013 -80 -34.641 -70 -34.641 -65 -43.3013 -70 -51.9615 -80 -51.9615
-75 -25.9808 -85 -25.9808 -80 -17.3205 -70 -17.3205 -65 -25.9808 -70 -34.641 -80 -34.641
-75 -8.66025 -85 -8.66025 -80 -1.14537e-007 -70 -1.32486e-007 -65 -8.66025 -70 -17.3205 -80 -17.3205
-75 8.66025 -85 8.66025 -80 17.3205 -70 17.3205 -65 8.66025 -70 7.24802e-007 -80 7.78649e-007
-75 25.9808 -85 25.9808 -80 34.641 -70 34.641 -65 25.9808 -70 17.3205 -80 17.3205
-75 43.3013 -85 43.3013 -80 51.9615 -70 51.9615 -65 43.3013 -70 34.641 -80 34.641
-60 -51.9615 -70 -51.9615 -65 -43.3013 -55 -43.3013 -50 -51.9615 -55 -60.6218 -65 -60.6218
-60 -34.641 -70 -34.641 -65 -25.9808 -55 -25.9808 -50 -34.641 -55 -43.3013 -65 -43.3013
-60 -17.3205 -70 -17.3205 -65 -8.66025 -55 -8.66025 -50 -17.3205 -55 -25.9808 -65 -25.9808
-60 2.15388e-007 -70 2.15388e-007 -65 8.66025 -55 8.66025 -50 2.15388e-007 -55 -8.66025 -65 -8.66025
-60 17.3205 -70 17.3205 -65 25.9808 -55 25.9808 -50 17.3205 -55 8.66026 -65 8.66026
-60 34.641 -70 34.641 -65 43.3013 -55 43.3013 -50 34.641 -55 25.9808 -65 25.9808
-60 51.9615 -70 51.9615 -65 60.6218 -55 60.6218 -50 51.9615 -55 43.3013 -65 43.3013
-45 -60.6218 -55 -60.6218 -50 -51.9615 -40 -51.9615 -35 -60.6218 -40 -69.282 -50 -69.282
-45 -43.3013 -55 -43.3013 -50 -34.641 -40 -34.641 -35 -43.3013 -40 -51.9615 -50 -51.9615
-45 -25.9808 -55 -25.9808 -50 -17.3205 -40 -17.3205 -35 -25.9808 -40 -34.641 -50 -34.641
-45 -8.66025 -55 -8.66025 -50 -3.11976e-007 -40 -3.29925e-007 -35 -8.66025 -40 -17.3205 -50 -17.3205
-45 8.66025 -55 8.66025 -50 17.3205 -40 17.3205 -35 8.66025 -40 5.27364e-007 -50 5.8121e-007
-45 25.9808 -55 25.9808 -50 34.641 -40 34.641 -35 25.9808 -40 17.3205 -50 17.3205
-45 43.3013 -55 43.3013 -50 51.9615 -40 51.9615 -35 43.3013 -40 34.641 -50 34.641
-45 60.6218 -55 60.6218 -50 69.282 -40 69.282 -35 60.6218 -40 51.9615 -50 51.9615
-30 -69.282 -40 -69.282 -35 -60.6218 -25 -60.6218 -20 -69.282 -25 -77.9423 -35 -77.9423
-30 -51.9615 -40 -51.9615 -35 -43.3013 -25 -43.3013 -20 -51.9615 -25 -60.6218 -35 -60.6218
-30 -34.641 -40 -34.641 -35 -25.9808 -25 -25.9808 -20 -34.641 -25 -43.3013 -35 -43.3013
-30 -17.3205 -40 -17.3205 -35 -8.66025 -25 -8.66025 -20 -17.3205 -25 -25.9808 -35 -25.9808
-30 1.7949e-008 -40 1.7949e-008 -35 8.66025 -25 8.66025 -20 1.7949e-008 -25 -8.66025 -35 -8.66025
-30 17.3205 -40 17.3205 -35 25.9808 -25 25.9808 -20 17.3205 -25 8.66025 -35 8.66025
-30 34.641 -40 34.641 -35 43.3013 -25 43.3013 -20 34.641 -25 25.9808 -35 25.9808
-30 51.9615 -40 51.9615 -35 60.6218 -25 60.6218 -20 51.9615 -25 43.3013 -35 43.3013
-30 69.282 -40 69.282 -35 77.9423 -25 77.9423 -20 69.282 -25 60.6218 -35 60.6218
-15 -77.9423 -25 -77.9423 -20 -69.282 -10 -69.282 -5 -77.9423 -10 -86.6025 -20 -86.6025
-15 -60.6218 -25 -60.6218 -20 -51.9615 -10 -51.9615 -5 -60.6218 -10 -69.282 -20 -69.282
-15 -43.3013 -25 -43.3013 -20 -34.641 -10 -34.641 -5 -43.3013 -10 -51.9615 -20 -51.9615
-15 -25.9808 -25 -25.9808 -20 -17.3205 -10 -17.3205 -5 -25.9808 -10 -34.641 -20 -34.641
-15 -8.66025 -25 -8.66025 -20 -5.09415e-007 -10 -5.27364e-007 -5 -8.66025 -10 -17.3205 -20 -17.3205
-15 8.66025 -25 8.66025 -20 17.3205 -10 17.3205 -5 8.66025 -10 3.29925e-007 -20 3.83772e-007
-15 25.9808 -25 25.9808 -20 34.641 -10 34.641 -5 25.9808 -10 17.3205 -20 17.3205
-15 43.3013 -25 43.3013 -20 51.9615 -10 51.9615 -5 43.3013 -10 34.641 -20 34.641
-15 60.6218 -25 60.6218 -20 69.282 -10 69.282 -5 60.6218 -10 51.9615 -20 51.9615
-15 77.9423 -25 77.9423 -20 86.6025 -10 86.6025 -5 77.9423 -10 69.282 -20 69.282
-4.66328e-007 -86.6025 -10 -86.6025 -5 -77.9423 5 -77.9423 10 -86.6025 5 -95.2628 -5 -95.2628
-4.66328e-007 -69.282 -10 -69.282 -5 -60.6218 5 -60.6218 10 -69.282 5 -77.9423 -5 -77.9423
-4.66328e-007 -51.9615 -10 -51.9615 -5 -43.3013 5 -43.3013 10 -51.9615 5 -60.6218 -5 -60.6218
-4.66328e-007 -34.641 -10 -34.641 -5 -25.9808 5 -25.9808 10 -34.641 5 -43.3013 -5 -43.3013
-4.66328e-007 -17.3205 -10 -17.3205 -5 -8.66026 5 -8.66026 10 -17.3205 5 -25.9808 -5 -25.9808
-4.66328e-007 -1.7949e-007 -10 -1.7949e-007 -5 8.66025 5 8.66025 10 -1.7949e-007 5 -8.66025 -5 -8.66025
-4.66328e-007 17.3205 -10 17.3205 -5 25.9808 5 25.9808 10 17.3205 5 8.66025 -5 8.66025
-4.66328e-007 34.641 -10 34.641 -5 43.3013 5 43.3013 10 34.641 5 25.9808 -5 25.9808
-4.66328e-007 51.9615 -10 51.9615 -5 60.6218 5 60.6218 10 51.9615 5 43.3013 -5 43.3013
-4.66328e-007 69.282 -10 69.282 -5 77.9423 5 77.9423 10 69.282 5 60.6218 -5 60.6218
-4.66328e-007 86.6025 -10 86.6025 -5 95.2628 5 95.2628 10 86.6025 5 77.9423 -5 77.9423
15 -77.9423 5 -77.9423 10 -69.282 20 -69.282 25 -77.9423 20 -86.6025 10 -86.6025
15 -60.6218 5 -60.6218 10 -51.9615 20 -51.9615 25 -60.6218 20 -69.282 10 -69.282
15 -43.3013 5 -43.3013 10 -34.641 20 -34.641 25 -43.3013 20 -51.9615 10 -51.9615
15 -25.9808 5 -25.9808 10 -17.3205 20 -17.3205 25 -25.9808 20 -34.641 10 -34.641
15 -8.66025 5 -8.66025 10 -6.17108e-007 20 -6.35057e-007 25 -8.66025 20 -17.3205 10 -17.3205
15 8.66025 5 8.66025 10 17.3205 20 17.3205 25 8.66025 20 2.22231e-007 10 2.76078e-007
15 25.9808 5 25.9808 10 34.641 20 34.641 25 25.9808 20 17.3205 10 17.3205
15 43.3013 5 43.3013 10 51.9615 20 51.9615 25 43.3013 20 34.641 10 34.641
15 60.6218 5 60.6218 10 69.282 20 69.282 25 60.6218 20 51.9615 10 51.9615
15 77.9423 5 77.9423 10 86.6025 20 86.6025 25 77.9423 20 69.282 10 69.282
30 -69.282 20 -69.282 25 -60.6218 35 -60.6218 40 -69.282 35 -77.9423 25 -77.9423
30 -51.9615 20 -51.9615 25 -43.3013 35 -43.3013 40 -51.9615 35 -60.6218 25 -60.6218
30 -34.641 20 -34.641 25 -25.9808 35 -25.9808 40 -34.641 35 -43.3013 25 -43.3013
30 -17.3205 20 -17.3205 25 -8.66026 35 -8.66026 40 -17.3205 35 -25.9808 25 -25.9808
30 -1.97439e-007 20 -1.97439e-007 25 8.66025 35 8.66025 40 -1.97439e-007 35 -8.66025 25 -8.66025
30 17.3205 20 17.3205 25 25.9808 35 25.9808 40 17.3205 35 8.66025 25 8.66025
30 34.641 20 34.641 25 43.3013 35 43.3013 40 34.641 35 25.9808 25 25.9808
30 51.9615 20 51.9615 25 60.6218 35 60.6218 40 51.9615 35 43.3013 25 43.3013
30 69.282 20 69.282 25 77.9423 35 77.9423 40 69.282 35 60.6218 25 60.6218
45 -60.6218 35 -60.6218 40 -51.9615 50 -51.9615 55 -60.6218 50 -69.282 40 -69.282
45 -43.3013 35 -43.3013 40 -34.641 50 -34.641 55 -43.3013 50 -51.9615 40 -51.9615
45 -25.9808 35 -25.9808 40 -17.3205 50 -17.3205 55 -25.9808 50 -34.641 40 -34.641
45 -8.66025 35 -8.66025 40 -6.35057e-007 50 -6.53006e-007 55 -8.66025 50 -17.3205 40 -17.3205
45 8.66025 35 8.66025 40 17.3205 50 17.3205 55 8.66025 50 2.04282e-007 40 2.58129e-007
45 25.9808 35 25.9808 40 34.641 50 34.641 55 25.9808 50 17.3205 40 17.3205
45 43.3013 35 43.3013 40 51.9615 50 51.9615 55 43.3013 50 34.641 40 34.641
45 60.6218 35 60.6218 40 69.282 50 69.282 55 60.6218 50 51.9615 40 51.9615
60 -51.9615 50 -51.9615 55 -43.3013 65 -43.3013 70 -51.9615 65 -60.6218 55 -60.6218
60 -34.641 50 -34.641 55 -25.9808 65 -25.9808 70 -34.641 65 -43.3013 55 -43.3013
60 -17.3205 50 -17.3205 55 -8.66026 65 -8.66026 70 -17.3205 65 -25.9808 55 -25.9808
60 -2.15388e-007 50 -2.15388e-007 55 8.66025 65 8.66025 70 -2.15388e-007 65 -8.66025 55 -8.66025
60 17.3205 50 17.3205 55 25.9808 65 25.9808 70 17.3205 65 8.66025 55 8.66025
60 34.641 50 34.641 55 43.3013 65 43.3013 70 34.641 65 25.9808 55 25.9808
60 51.9615 50 51.9615 55 60.6218 65 60.6218 70 51.9615 65 43.3013 55 43.3013
75 -43.3013 65 -43.3013 70 -34.641 80 -34.641 85 -43.3013 80 -51.9615 70 -51.9615
75 -25.9808 65 -25.9808 70 -17.3205 80 -17.3205 85 -25.9808 80 -34.641 70 -34.641
75 -8.66025 65 -8.66025 70 -6.53006e-007 80 -6.70955e-007 85 -8.66025 80 -17.3205 70 -17.3205
75 8.66025 65 8.66025 70 17.3205 80 17.3205 85 8.66025 80 1.86333e-007 70 2.4018e-007
75 25.9808 65 25.9808 70 34.641 80 34.641 85 25.9808 80 17.3205 70 17.3205
75 43.3013 65 43.3013 70 51.9615 80 51.9615 85 43.3013 80 34.641 70 34.641
